Distance from Center (cmd=annotatePeaks.pl consensus_sox2_oct4_peaks2.bed ENSEMBL_galGal6_99 -size 800 -hist 5 -m Sox2-Oct4-Fgf4-like.motif Sox2-Oct4-Utf1-like.motif Sox2-Oct4-Hoxb1-like.motif Sox2-Oct4-MA0142.1-JASPAR.motif)	Sox2-Oct4-Fgf4-like total sites	Sox2-Oct4-Fgf4-like + sites	Sox2-Oct4-Fgf4-like - sites	Sox2-Oct4-Utf1-like total sites	Sox2-Oct4-Utf1-like + sites	Sox2-Oct4-Utf1-like - sites	Sox2-Oct4-Hoxb1-like total sites	Sox2-Oct4-Hoxb1-like + sites	Sox2-Oct4-Hoxb1-like - sites	Pou5f1.Sox2_P20263.P48432_ChIPseq total sites	Pou5f1.Sox2_P20263.P48432_ChIPseq + sites	Pou5f1.Sox2_P20263.P48432_ChIPseq - sites	A frequency	C frequency	G frequency	T frequency
-400	0	0.000230260001918833	0	0	0.000115130000959417	0	0	0.000275032780069718	0	0	0.000185487223767949	0	0.277642	0.222267333333333	0.224266666666667	0.275824666666667
-395	0	0.000396558892193546	0	6.39611116441204e-05	0.000191883334932361	0	0.000121526112123829	0.000537273337810611	0	4.47727781508843e-05	0.000351786114042662	0	0.2781714	0.2230184	0.223031	0.275779
-390	0.000825098340209153	0.000332597780549426	0	0.000396558892193546	0.000236656113083245	0	0.000991397230483866	0.000479708337330903	0	0.000594838338290319	0.000255844446576481	0	0.279153	0.2228606	0.222585	0.2754012
-385	0.000773929450893857	0.00040935111452237	0.000108733889795005	0.000396558892193546	0.000153506667945889	0.000153506667945889	0.000985001119319454	0.000562857782468259	0.000332597780549426	0.000562857782468259	0.00031340944705619	0.000140714445617065	0.2796504	0.221863	0.2234282	0.2750582
-380	0.000735552783907384	0.000543669448975023	0.000492500559659727	0.000338993891713838	0.000159902779110301	0.000185487223767949	0.00107454667562122	0.000524481115481787	0.000486104448495315	0.000550065560139435	0.000249448335412069	0.000319805558220602	0.277756	0.2234978	0.2233824	0.2753636
-375	0.000850682784866801	0.000441331670344431	0.000396558892193546	0.000307013335891778	0.000102337778630593	0.000147110556781477	0.000997793341648278	0.000479708337330903	0.000479708337330903	0.000569253893632671	0.000217467779590009	0.000223863890754421	0.277348	0.2232868	0.2238642	0.2755008
-370	0.000997793341648278	0.000466916115002079	0.000370974447535898	0.000262240557740894	0.000191883334932361	0.000179091112603537	0.000933832230004157	0.000486104448495315	0.000518085004317375	0.000486104448495315	0.000249448335412069	0.000230260001918833	0.2779736	0.2248612	0.2226868	0.2744782
-365	0.000953020563497394	0.000454123892673255	0.000460520003837667	0.00037737055870031	0.000147110556781477	0.000185487223767949	0.00120246889890946	0.000505292781988551	0.000505292781988551	0.000466916115002079	0.000319805558220602	0.000358182225207074	0.277816	0.2232134	0.2233098	0.2756608
-360	0.000985001119319454	0.000338993891713838	0.000454123892673255	0.00028142889123413	0.000185487223767949	0.000140714445617065	0.000850682784866801	0.000454123892673255	0.000524481115481787	0.000492500559659727	0.000338993891713838	0.000147110556781477	0.278273	0.2230034	0.2223364	0.2763876
-355	0.000901851674182097	0.000390162781029134	0.000518085004317375	0.000358182225207074	0.000140714445617065	0.000159902779110301	0.000876267229524449	0.000473312226166491	0.000518085004317375	0.000569253893632671	0.000287825002398542	0.000255844446576481	0.2798794	0.2222308	0.2229298	0.27496
-350	0.000837890562537977	0.000505292781988551	0.000537273337810611	0.000300617224727366	0.000198279446096773	0.000134318334452653	0.000953020563497394	0.000396558892193546	0.000326201669385014	0.000505292781988551	0.00028142889123413	0.000211071668425597	0.2780322	0.223725	0.2231926	0.2750498
-345	0.000901851674182097	0.000473312226166491	0.000466916115002079	0.000364578336371486	0.000121526112123829	0.000147110556781477	0.000991397230483866	0.000505292781988551	0.000498896670824139	0.000646007227605616	0.000255844446576481	0.000223863890754421	0.2755598	0.2213904	0.2263232	0.2767268
-340	0.000953020563497394	0.000390162781029134	0.000454123892673255	0.000275032780069718	0.000140714445617065	0.000179091112603537	0.00100418945281269	0.000479708337330903	0.000473312226166491	0.000498896670824139	0.000223863890754421	0.000294221113562954	0.2770404	0.224435	0.2224402	0.2760842
-335	0.000857078896031213	0.000575650004797083	0.000466916115002079	0.000294221113562954	0.000185487223767949	0.000166298890274713	0.00097220889699063	0.000486104448495315	0.000607630560619144	0.000518085004317375	0.000358182225207074	0.000243052224247657	0.2763944	0.2242728	0.2231052	0.2762278
-330	0.000748345006236208	0.000460520003837667	0.000428539448015607	0.00028142889123413	9.59416674661806e-05	0.000147110556781477	0.000869871118360037	0.000434935559180019	0.000492500559659727	0.000505292781988551	0.000249448335412069	0.000275032780069718	0.2788466	0.2234722	0.222574	0.275107
-325	0.00112571556493652	0.000447727781508843	0.000428539448015607	0.00034539000287825	0.000198279446096773	0.000159902779110301	0.00110013112027887	0.000486104448495315	0.000460520003837667	0.000588442227125907	0.000230260001918833	0.000275032780069718	0.2750678	0.2262824	0.2232486	0.2754016
-320	0.000831494451373565	0.00037737055870031	0.000383766669864722	0.000319805558220602	0.000127922223288241	0.000159902779110301	0.000837890562537977	0.000505292781988551	0.000537273337810611	0.000473312226166491	0.000217467779590009	0.000223863890754421	0.276015	0.2247706	0.223539	0.2756754
-315	0.000837890562537977	0.000530877226646199	0.000473312226166491	0.00028142889123413	0.000172695001439125	0.000140714445617065	0.000921040007675333	0.000505292781988551	0.000473312226166491	0.000556461671303847	0.000268636668905306	0.000262240557740894	0.2749856	0.2249088	0.224293	0.2758128
-310	0.000812306117880329	0.000351786114042662	0.000390162781029134	0.000358182225207074	0.000191883334932361	0.000204675557261185	0.000985001119319454	0.000434935559180019	0.000402955003357958	0.000492500559659727	0.000307013335891778	0.000338993891713838	0.2752612	0.2248768	0.2240428	0.275819
-305	0.00102337778630593	0.000422143336851194	0.000434935559180019	0.000383766669864722	0.000211071668425597	0.000166298890274713	0.00100418945281269	0.000492500559659727	0.000466916115002079	0.00062681889411238	0.00031340944705619	0.000262240557740894	0.2760892	0.2261838	0.223497	0.2742296
-300	0.00072276056157856	0.000524481115481787	0.000434935559180019	0.00028142889123413	0.000140714445617065	0.000159902779110301	0.00100418945281269	0.000390162781029134	0.000486104448495315	0.000543669448975023	0.000191883334932361	0.000262240557740894	0.277542	0.2227788	0.2222788	0.277401
-295	0.000850682784866801	0.000441331670344431	0.000479708337330903	0.000326201669385014	0.000179091112603537	0.000108733889795005	0.000844286673702389	0.000511688893152963	0.000562857782468259	0.000511688893152963	0.00031340944705619	0.000287825002398542	0.2736528	0.2258534	0.2240832	0.2764106
-290	0.000889059451853273	0.000428539448015607	0.000396558892193546	0.00034539000287825	0.000172695001439125	0.000153506667945889	0.0010105855639771	0.000479708337330903	0.000466916115002079	0.000505292781988551	0.000249448335412069	0.000307013335891778	0.2763328	0.223917	0.2240968	0.2756532
-285	0.000946624452332982	0.000479708337330903	0.000460520003837667	0.000390162781029134	0.000115130000959417	0.000179091112603537	0.00097220889699063	0.000505292781988551	0.000486104448495315	0.000620422782947968	0.000179091112603537	0.000211071668425597	0.2751384	0.2250252	0.2230246	0.276812
-280	0.00102977389747034	0.00040935111452237	0.000307013335891778	0.000275032780069718	0.000140714445617065	0.000179091112603537	0.000914643896510921	0.000441331670344431	0.000511688893152963	0.000390162781029134	0.000319805558220602	0.00028142889123413	0.2778192	0.224473	0.222171	0.2755368
-275	0.000953020563497394	0.000492500559659727	0.000537273337810611	0.000307013335891778	0.000127922223288241	0.000153506667945889	0.00100418945281269	0.000460520003837667	0.000486104448495315	0.000492500559659727	0.000268636668905306	0.000255844446576481	0.2758256	0.2242962	0.2251552	0.2747226
-270	0.00104256611979916	0.000383766669864722	0.000562857782468259	0.000230260001918833	0.000127922223288241	0.000198279446096773	0.000908247785346509	0.000466916115002079	0.000422143336851194	0.000537273337810611	0.000236656113083245	0.000255844446576481	0.2756794	0.2253116	0.2232148	0.2757946
-265	0.000914643896510921	0.000505292781988551	0.000511688893152963	0.000390162781029134	0.000191883334932361	0.000166298890274713	0.000889059451853273	0.00040935111452237	0.000498896670824139	0.000505292781988551	0.000338993891713838	0.000198279446096773	0.2771688	0.224995	0.2235392	0.2742964
-260	0.000882663340688861	0.000396558892193546	0.000582046115961495	0.000307013335891778	0.000140714445617065	0.000159902779110301	0.00102337778630593	0.000492500559659727	0.000486104448495315	0.000620422782947968	0.000262240557740894	0.000262240557740894	0.2756412	0.2258912	0.2230766	0.2753912
-255	0.000876267229524449	0.000370974447535898	0.000479708337330903	0.000358182225207074	0.000236656113083245	0.000191883334932361	0.00094022834116857	0.000473312226166491	0.000511688893152963	0.000582046115961495	0.000268636668905306	0.000326201669385014	0.2749242	0.226528	0.2256368	0.2729112
-250	0.000882663340688861	0.000460520003837667	0.000454123892673255	0.000332597780549426	0.000166298890274713	0.000185487223767949	0.000901851674182097	0.000588442227125907	0.000454123892673255	0.000498896670824139	0.000287825002398542	0.000294221113562954	0.2731692	0.2250708	0.2252826	0.2764772
-245	0.000793117784387093	0.000307013335891778	0.000390162781029134	0.000415747225686782	0.000204675557261185	0.000159902779110301	0.00102337778630593	0.000473312226166491	0.000492500559659727	0.000588442227125907	0.000307013335891778	0.000249448335412069	0.274381	0.2269656	0.2249014	0.2737524
-240	0.000850682784866801	0.000294221113562954	0.000473312226166491	0.000275032780069718	0.000198279446096773	0.000147110556781477	0.00097220889699063	0.000486104448495315	0.00040935111452237	0.000498896670824139	0.00034539000287825	0.000204675557261185	0.275175	0.2263636	0.2260558	0.2724054
-235	0.000684383894592088	0.000428539448015607	0.000415747225686782	0.000383766669864722	0.000223863890754421	0.000185487223767949	0.000985001119319454	0.000537273337810611	0.000479708337330903	0.000684383894592088	0.000294221113562954	0.000268636668905306	0.2729428	0.2252234	0.225589	0.276245
-230	0.000831494451373565	0.000434935559180019	0.000396558892193546	0.000454123892673255	0.000121526112123829	0.000102337778630593	0.000927436118839745	0.000466916115002079	0.000447727781508843	0.000614026671783556	0.000262240557740894	0.000319805558220602	0.2741564	0.2271802	0.2233654	0.2752976
-225	0.000818702229044741	0.00040935111452237	0.000428539448015607	0.000287825002398542	0.000159902779110301	0.000198279446096773	0.000889059451853273	0.000486104448495315	0.000498896670824139	0.000594838338290319	0.000275032780069718	0.00031340944705619	0.277521	0.225175	0.2240914	0.2732128
-220	0.000818702229044741	0.000351786114042662	0.000447727781508843	0.000307013335891778	0.000179091112603537	0.000185487223767949	0.000933832230004157	0.000454123892673255	0.000415747225686782	0.000537273337810611	0.000268636668905306	0.000275032780069718	0.2745992	0.2262664	0.2249134	0.274221
-215	0.000729156672742972	0.000473312226166491	0.000402955003357958	0.000358182225207074	0.000166298890274713	0.000153506667945889	0.00097220889699063	0.000498896670824139	0.000492500559659727	0.000530877226646199	0.000275032780069718	0.000326201669385014	0.2728764	0.2253446	0.2246584	0.2771208
-210	0.000812306117880329	0.00037737055870031	0.000434935559180019	0.000351786114042662	0.000166298890274713	0.000179091112603537	0.000735552783907384	0.000390162781029134	0.000434935559180019	0.000460520003837667	0.000236656113083245	0.000294221113562954	0.2740778	0.2247106	0.2254284	0.2757834
-205	0.000889059451853273	0.000351786114042662	0.00034539000287825	0.00034539000287825	0.000198279446096773	0.000185487223767949	0.000978605008155042	0.00037737055870031	0.00040935111452237	0.000518085004317375	0.000268636668905306	0.000236656113083245	0.2745972	0.2277464	0.2240084	0.2736482
-200	0.000857078896031213	0.000454123892673255	0.000390162781029134	0.000275032780069718	0.000236656113083245	0.000172695001439125	0.000684383894592088	0.000550065560139435	0.000390162781029134	0.000447727781508843	0.000402955003357958	0.000249448335412069	0.2736622	0.226261	0.2268826	0.2731942
-195	0.000863475007195625	0.000370974447535898	0.000441331670344431	0.000422143336851194	0.000211071668425597	0.000172695001439125	0.000901851674182097	0.000428539448015607	0.00037737055870031	0.000684383894592088	0.000287825002398542	0.000191883334932361	0.2754952	0.2265564	0.2249726	0.2729754
-190	0.000927436118839745	0.000550065560139435	0.000537273337810611	0.000370974447535898	0.000217467779590009	0.000127922223288241	0.000914643896510921	0.000498896670824139	0.00040935111452237	0.000614026671783556	0.00031340944705619	0.000275032780069718	0.2724826	0.2244626	0.2288606	0.274194
-185	0.000844286673702389	0.000447727781508843	0.000460520003837667	0.000415747225686782	0.000147110556781477	0.000198279446096773	0.00101698167514151	0.000390162781029134	0.000441331670344431	0.000709968339249736	0.000275032780069718	0.00031340944705619	0.2735852	0.2257706	0.226809	0.2738356
-180	0.000985001119319454	0.000396558892193546	0.000441331670344431	0.000383766669864722	0.000153506667945889	0.000185487223767949	0.000895455563017685	0.000460520003837667	0.000479708337330903	0.000486104448495315	0.00034539000287825	0.000294221113562954	0.2736248	0.2268048	0.2277664	0.2718042
-175	0.000914643896510921	0.00037737055870031	0.000396558892193546	0.00037737055870031	0.000211071668425597	0.000134318334452653	0.000889059451853273	0.000479708337330903	0.000428539448015607	0.000633215005276792	0.000255844446576481	0.000294221113562954	0.2716758	0.227529	0.2257918	0.2750032
-170	0.000786721673222681	0.000473312226166491	0.000543669448975023	0.000326201669385014	0.000140714445617065	0.000249448335412069	0.000965812785826218	0.000422143336851194	0.000505292781988551	0.000684383894592088	0.000300617224727366	0.000338993891713838	0.2701088	0.2285418	0.2247468	0.2766026
-165	0.000850682784866801	0.000434935559180019	0.000434935559180019	0.00028142889123413	0.000243052224247657	0.000147110556781477	0.000863475007195625	0.000524481115481787	0.000492500559659727	0.000518085004317375	0.000326201669385014	0.000307013335891778	0.2723636	0.2271618	0.2253926	0.2750816
-160	0.000876267229524449	0.000428539448015607	0.000434935559180019	0.000396558892193546	0.000140714445617065	0.000172695001439125	0.000914643896510921	0.000498896670824139	0.000402955003357958	0.000607630560619144	0.000300617224727366	0.000307013335891778	0.2735146	0.228338	0.2242418	0.2739058
-155	0.000812306117880329	0.000255844446576481	0.000428539448015607	0.00031340944705619	0.000153506667945889	0.000140714445617065	0.000985001119319454	0.000479708337330903	0.000473312226166491	0.00062681889411238	0.000307013335891778	0.00028142889123413	0.2736604	0.2283622	0.2246438	0.2733334
-150	0.000812306117880329	0.000319805558220602	0.000415747225686782	0.000326201669385014	0.000134318334452653	0.000140714445617065	0.000959416674661806	0.000473312226166491	0.000383766669864722	0.000639611116441204	0.00031340944705619	0.00028142889123413	0.2714744	0.228702	0.2252016	0.274622
-145	0.00065879944993444	0.000358182225207074	0.000434935559180019	0.000326201669385014	0.000191883334932361	0.000172695001439125	0.000876267229524449	0.000396558892193546	0.000492500559659727	0.000620422782947968	0.00034539000287825	0.000287825002398542	0.2731752	0.2270714	0.226578	0.2731754
-140	0.000748345006236208	0.000396558892193546	0.000383766669864722	0.00040935111452237	0.000172695001439125	0.000198279446096773	0.000965812785826218	0.000434935559180019	0.000454123892673255	0.00062681889411238	0.000275032780069718	0.000326201669385014	0.2729084	0.2278316	0.2272098	0.2720496
-135	0.000703572228085324	0.000294221113562954	0.000415747225686782	0.000307013335891778	0.000198279446096773	0.000236656113083245	0.000805910006715917	0.000594838338290319	0.000460520003837667	0.000575650004797083	0.000319805558220602	0.000319805558220602	0.2741006	0.2264698	0.2260724	0.273357
-130	0.000716364450414148	0.000370974447535898	0.000390162781029134	0.000364578336371486	0.000204675557261185	0.000121526112123829	0.000985001119319454	0.000402955003357958	0.000498896670824139	0.000601234449454732	0.000262240557740894	0.000275032780069718	0.273976	0.229889	0.2255432	0.2705916
-125	0.000633215005276792	0.000447727781508843	0.000275032780069718	0.000396558892193546	0.000147110556781477	0.000140714445617065	0.000991397230483866	0.000441331670344431	0.000396558892193546	0.000556461671303847	0.000249448335412069	0.000300617224727366	0.273011	0.2268604	0.2271044	0.2730238
-120	0.000767533339729444	0.000390162781029134	0.000370974447535898	0.00031340944705619	0.000159902779110301	0.000249448335412069	0.000805910006715917	0.000422143336851194	0.000466916115002079	0.000537273337810611	0.000268636668905306	0.000300617224727366	0.2725034	0.2277656	0.226721	0.2730098
-115	0.000767533339729444	0.000307013335891778	0.000332597780549426	0.000319805558220602	0.000179091112603537	0.000147110556781477	0.000921040007675333	0.00037737055870031	0.000454123892673255	0.000569253893632671	0.00031340944705619	0.000287825002398542	0.272609	0.2286728	0.2259616	0.2727566
-110	0.000735552783907384	0.000396558892193546	0.000370974447535898	0.000396558892193546	0.000211071668425597	0.000115130000959417	0.000997793341648278	0.000441331670344431	0.000498896670824139	0.000729156672742972	0.000307013335891778	0.000326201669385014	0.27232	0.2280068	0.2280644	0.2716086
-105	0.000780325562058269	0.000434935559180019	0.000351786114042662	0.000249448335412069	0.000198279446096773	0.000230260001918833	0.000799513895551505	0.000498896670824139	0.000511688893152963	0.000505292781988551	0.000383766669864722	0.00031340944705619	0.2706154	0.228779	0.2278946	0.2727108
-100	0.000901851674182097	0.000326201669385014	0.000415747225686782	0.000364578336371486	0.000191883334932361	0.000127922223288241	0.000818702229044741	0.000428539448015607	0.000473312226166491	0.000703572228085324	0.000338993891713838	0.00031340944705619	0.2720904	0.2286144	0.2264614	0.2728338
-95	0.00075474111740062	0.000211071668425597	0.000428539448015607	0.000415747225686782	0.000198279446096773	0.000153506667945889	0.000895455563017685	0.000473312226166491	0.000358182225207074	0.000646007227605616	0.00037737055870031	0.000307013335891778	0.2723384	0.229312	0.2261142	0.2722358
-90	0.000741948895071796	0.000364578336371486	0.000454123892673255	0.000370974447535898	0.000179091112603537	0.000166298890274713	0.000997793341648278	0.000370974447535898	0.000434935559180019	0.000677987783427676	0.00031340944705619	0.000332597780549426	0.2719216	0.229639	0.2261654	0.2722738
-85	0.000735552783907384	0.000364578336371486	0.00037737055870031	0.000294221113562954	0.000172695001439125	0.000185487223767949	0.000959416674661806	0.000441331670344431	0.000486104448495315	0.000703572228085324	0.00031340944705619	0.000294221113562954	0.2727708	0.2274596	0.2274212	0.2723478
-80	0.000677987783427676	0.000434935559180019	0.000415747225686782	0.000319805558220602	0.000166298890274713	0.000115130000959417	0.000818702229044741	0.000582046115961495	0.000447727781508843	0.000684383894592088	0.000396558892193546	0.00031340944705619	0.2724426	0.2290922	0.2288168	0.2696484
-75	0.000786721673222681	0.00040935111452237	0.000486104448495315	0.000415747225686782	0.000217467779590009	0.000166298890274713	0.00103617000863475	0.000505292781988551	0.000524481115481787	0.000716364450414148	0.00037737055870031	0.000390162781029134	0.2714492	0.2288808	0.2272786	0.2723912
-70	0.000812306117880329	0.000473312226166491	0.000307013335891778	0.000338993891713838	0.000147110556781477	0.000179091112603537	0.0011704883430874	0.000473312226166491	0.000524481115481787	0.000805910006715917	0.000370974447535898	0.000364578336371486	0.2716478	0.2292654	0.2268048	0.2722824
-65	0.000793117784387093	0.000338993891713838	0.00040935111452237	0.000383766669864722	0.000198279446096773	0.000211071668425597	0.00101698167514151	0.000498896670824139	0.000530877226646199	0.000825098340209153	0.00037737055870031	0.00040935111452237	0.2727242	0.2276248	0.2243056	0.2753454
-60	0.000799513895551505	0.000319805558220602	0.000422143336851194	0.000332597780549426	0.000153506667945889	0.000134318334452653	0.00094022834116857	0.000524481115481787	0.000575650004797083	0.000633215005276792	0.000460520003837667	0.00040935111452237	0.2734356	0.2288872	0.2247926	0.2728844
-55	0.000709968339249736	0.00031340944705619	0.000326201669385014	0.000364578336371486	0.000211071668425597	0.000204675557261185	0.00104256611979916	0.000518085004317375	0.000473312226166491	0.000729156672742972	0.000454123892673255	0.000338993891713838	0.2753964	0.2280478	0.2256638	0.2708916
-50	0.000741948895071796	0.000441331670344431	0.000364578336371486	0.000447727781508843	0.000134318334452653	0.000204675557261185	0.000997793341648278	0.000473312226166491	0.000505292781988551	0.000786721673222681	0.000358182225207074	0.000300617224727366	0.2745122	0.228285	0.2254976	0.2717054
-45	0.000837890562537977	0.000415747225686782	0.000396558892193546	0.000338993891713838	0.000211071668425597	0.000198279446096773	0.00104256611979916	0.000562857782468259	0.000537273337810611	0.000837890562537977	0.000447727781508843	0.000326201669385014	0.27234	0.2282142	0.2266956	0.27275
-40	0.000863475007195625	0.000454123892673255	0.000441331670344431	0.000364578336371486	0.000249448335412069	0.000191883334932361	0.00103617000863475	0.000562857782468259	0.000460520003837667	0.000825098340209153	0.000473312226166491	0.00037737055870031	0.2725002	0.2280352	0.2268046	0.2726604
-35	0.000869871118360037	0.00037737055870031	0.000505292781988551	0.000447727781508843	0.000121526112123829	0.000198279446096773	0.00113850778726534	0.000390162781029134	0.000575650004797083	0.000927436118839745	0.000351786114042662	0.000422143336851194	0.2746532	0.2275414	0.2285734	0.2692322
-30	0.000921040007675333	0.000402955003357958	0.000415747225686782	0.00031340944705619	0.000211071668425597	0.000236656113083245	0.00107454667562122	0.000588442227125907	0.000550065560139435	0.000831494451373565	0.000441331670344431	0.000460520003837667	0.2733138	0.2284388	0.227061	0.2711864
-25	0.000805910006715917	0.000370974447535898	0.000454123892673255	0.000390162781029134	0.000236656113083245	0.000159902779110301	0.00110652723144328	0.000569253893632671	0.000562857782468259	0.000780325562058269	0.000460520003837667	0.000358182225207074	0.2728076	0.2273236	0.2269778	0.272891
-20	0.000786721673222681	0.000434935559180019	0.000473312226166491	0.000364578336371486	0.000211071668425597	0.000166298890274713	0.00115769612075858	0.00065879944993444	0.000620422782947968	0.000831494451373565	0.000505292781988551	0.000460520003837667	0.2735574	0.2260486	0.2270226	0.2733718
-15	0.000863475007195625	0.000473312226166491	0.000390162781029134	0.000415747225686782	0.000230260001918833	0.000166298890274713	0.00120246889890946	0.000582046115961495	0.000614026671783556	0.000927436118839745	0.000486104448495315	0.00040935111452237	0.2731152	0.2252218	0.2293102	0.2723526
-10	0.000921040007675333	0.000473312226166491	0.000402955003357958	0.000498896670824139	0.000211071668425597	0.000204675557261185	0.00126003389938917	0.000607630560619144	0.000569253893632671	0.000908247785346509	0.000396558892193546	0.000390162781029134	0.2721542	0.2262214	0.2296882	0.271936
-5	0.000831494451373565	0.000511688893152963	0.000530877226646199	0.00037737055870031	0.000211071668425597	0.000217467779590009	0.00102977389747034	0.000709968339249736	0.000607630560619144	0.000812306117880329	0.000466916115002079	0.000422143336851194	0.273032	0.2268942	0.227375	0.2726988
0	0.000953020563497394	0.000505292781988551	0.000338993891713838	0.000473312226166491	0.000230260001918833	0.000204675557261185	0.00130480667754006	0.000620422782947968	0.000562857782468259	0.000863475007195625	0.000422143336851194	0.000422143336851194	0.2758066	0.2243698	0.2263112	0.2735126
5	0.000882663340688861	0.000434935559180019	0.000479708337330903	0.00040935111452237	0.000249448335412069	0.000198279446096773	0.00129201445521123	0.000466916115002079	0.000511688893152963	0.000895455563017685	0.000383766669864722	0.000402955003357958	0.274371	0.2249398	0.2280736	0.2726156
10	0.00097220889699063	0.000383766669864722	0.000473312226166491	0.000524481115481787	0.000243052224247657	0.000223863890754421	0.000997793341648278	0.000524481115481787	0.000639611116441204	0.000767533339729444	0.000383766669864722	0.000396558892193546	0.2731024	0.226324	0.2302136	0.2703596
15	0.000748345006236208	0.00034539000287825	0.00034539000287825	0.000307013335891778	0.000159902779110301	0.000243052224247657	0.000946624452332982	0.000454123892673255	0.000556461671303847	0.000748345006236208	0.000402955003357958	0.000428539448015607	0.2759952	0.223931	0.2276156	0.272458
20	0.000869871118360037	0.000428539448015607	0.000428539448015607	0.000415747225686782	0.000255844446576481	0.000185487223767949	0.00108094278678563	0.000569253893632671	0.000537273337810611	0.000837890562537977	0.000396558892193546	0.000396558892193546	0.2721196	0.2272332	0.229021	0.2716264
25	0.000799513895551505	0.00040935111452237	0.000383766669864722	0.000492500559659727	0.000204675557261185	0.000159902779110301	0.00108094278678563	0.000639611116441204	0.000518085004317375	0.000901851674182097	0.000447727781508843	0.000422143336851194	0.2730808	0.2273806	0.2280212	0.2715174
30	0.000844286673702389	0.000428539448015607	0.000498896670824139	0.000396558892193546	0.000243052224247657	0.000217467779590009	0.00111931945377211	0.00062681889411238	0.000447727781508843	0.000953020563497394	0.000447727781508843	0.000396558892193546	0.2743176	0.2261182	0.2293798	0.2701848
35	0.000793117784387093	0.000441331670344431	0.000396558892193546	0.000498896670824139	0.000198279446096773	0.000243052224247657	0.00119607278774505	0.000511688893152963	0.000569253893632671	0.000882663340688861	0.000415747225686782	0.000556461671303847	0.2742088	0.2265988	0.2286174	0.2705756
40	0.000901851674182097	0.00037737055870031	0.000415747225686782	0.000364578336371486	0.000230260001918833	0.000179091112603537	0.00110652723144328	0.000530877226646199	0.000575650004797083	0.000780325562058269	0.000486104448495315	0.000466916115002079	0.2716648	0.225394	0.2301872	0.2727542
45	0.000773929450893857	0.000441331670344431	0.000434935559180019	0.000390162781029134	0.000191883334932361	0.000223863890754421	0.00108733889795005	0.000537273337810611	0.000550065560139435	0.000908247785346509	0.000390162781029134	0.000422143336851194	0.2749968	0.224561	0.2278612	0.272581
50	0.000825098340209153	0.00040935111452237	0.000428539448015607	0.000402955003357958	0.000153506667945889	0.000179091112603537	0.000933832230004157	0.000466916115002079	0.000518085004317375	0.00065879944993444	0.000370974447535898	0.000338993891713838	0.2728182	0.2276046	0.2281238	0.2714532
55	0.000953020563497394	0.000460520003837667	0.000370974447535898	0.00028142889123413	0.000166298890274713	0.000166298890274713	0.000991397230483866	0.000543669448975023	0.000530877226646199	0.000767533339729444	0.000492500559659727	0.000332597780549426	0.2722158	0.222453	0.2292644	0.276067
60	0.000825098340209153	0.000428539448015607	0.000505292781988551	0.000326201669385014	0.000179091112603537	0.000166298890274713	0.00102977389747034	0.000402955003357958	0.00040935111452237	0.000844286673702389	0.000294221113562954	0.000358182225207074	0.2747468	0.2211074	0.2301102	0.2740356
65	0.00094022834116857	0.00040935111452237	0.000428539448015607	0.000300617224727366	0.000159902779110301	0.000134318334452653	0.000927436118839745	0.000524481115481787	0.000473312226166491	0.000665195561098852	0.000454123892673255	0.000364578336371486	0.2740548	0.224907	0.2291238	0.2719144
70	0.000799513895551505	0.000370974447535898	0.000460520003837667	0.000402955003357958	0.000127922223288241	0.000134318334452653	0.0010105855639771	0.000550065560139435	0.000569253893632671	0.000741948895071796	0.00031340944705619	0.00037737055870031	0.2740996	0.2239076	0.2282842	0.2737088
75	0.000799513895551505	0.000460520003837667	0.000415747225686782	0.000332597780549426	0.000134318334452653	0.000191883334932361	0.000985001119319454	0.000434935559180019	0.000505292781988551	0.000639611116441204	0.000287825002398542	0.000307013335891778	0.2712354	0.2252788	0.2292836	0.274202
80	0.000780325562058269	0.000364578336371486	0.000390162781029134	0.000275032780069718	0.000159902779110301	0.000198279446096773	0.000927436118839745	0.000466916115002079	0.000498896670824139	0.000594838338290319	0.000294221113562954	0.000319805558220602	0.2732602	0.2236834	0.2305652	0.2724914
85	0.000812306117880329	0.000307013335891778	0.000428539448015607	0.000319805558220602	0.000179091112603537	0.000166298890274713	0.000953020563497394	0.000466916115002079	0.000402955003357958	0.000652403338770028	0.000307013335891778	0.000275032780069718	0.272357	0.2261438	0.2297964	0.271703
90	0.000671591672263264	0.000447727781508843	0.00034539000287825	0.000422143336851194	0.000172695001439125	0.000230260001918833	0.000895455563017685	0.000556461671303847	0.000447727781508843	0.000588442227125907	0.000370974447535898	0.000351786114042662	0.2728076	0.2252988	0.2299956	0.2718976
95	0.000741948895071796	0.000370974447535898	0.000383766669864722	0.000307013335891778	0.000185487223767949	0.000159902779110301	0.00106815056445681	0.000498896670824139	0.000434935559180019	0.000748345006236208	0.00037737055870031	0.00028142889123413	0.2712912	0.2265622	0.2293496	0.272797
100	0.000895455563017685	0.000447727781508843	0.000332597780549426	0.000364578336371486	0.000172695001439125	0.000179091112603537	0.000882663340688861	0.000511688893152963	0.000511688893152963	0.000671591672263264	0.000370974447535898	0.000326201669385014	0.2740352	0.2254392	0.2282268	0.2722986
105	0.000729156672742972	0.000338993891713838	0.000460520003837667	0.00031340944705619	0.000172695001439125	0.000204675557261185	0.000882663340688861	0.00040935111452237	0.000447727781508843	0.000703572228085324	0.000300617224727366	0.00040935111452237	0.2742782	0.2242126	0.229064	0.2724452
110	0.000882663340688861	0.000441331670344431	0.000364578336371486	0.000319805558220602	0.000134318334452653	0.000108733889795005	0.00102977389747034	0.000466916115002079	0.000422143336851194	0.000697176116920912	0.000338993891713838	0.000307013335891778	0.2698018	0.2267276	0.2289838	0.2744868
115	0.000735552783907384	0.000434935559180019	0.000338993891713838	0.000294221113562954	0.000153506667945889	0.000147110556781477	0.000786721673222681	0.000505292781988551	0.000492500559659727	0.000620422782947968	0.000326201669385014	0.00034539000287825	0.2713326	0.2255526	0.228347	0.2747678
120	0.000857078896031213	0.000447727781508843	0.000466916115002079	0.000319805558220602	0.000172695001439125	0.000159902779110301	0.000953020563497394	0.000441331670344431	0.000383766669864722	0.000511688893152963	0.00028142889123413	0.000307013335891778	0.2726334	0.225905	0.2276744	0.2737872
125	0.000799513895551505	0.00040935111452237	0.000447727781508843	0.000307013335891778	0.000159902779110301	0.000172695001439125	0.000857078896031213	0.000556461671303847	0.000505292781988551	0.000614026671783556	0.000351786114042662	0.000262240557740894	0.274082	0.2249824	0.2299878	0.270948
130	0.000767533339729444	0.000428539448015607	0.000351786114042662	0.000287825002398542	0.000204675557261185	0.000134318334452653	0.00108094278678563	0.000511688893152963	0.000383766669864722	0.000556461671303847	0.000332597780549426	0.000223863890754421	0.2745882	0.2250402	0.2284434	0.2719284
135	0.000780325562058269	0.000358182225207074	0.000370974447535898	0.00040935111452237	0.000147110556781477	0.000115130000959417	0.000889059451853273	0.000460520003837667	0.000434935559180019	0.000665195561098852	0.000268636668905306	0.000230260001918833	0.2731566	0.224318	0.2292086	0.2733168
140	0.000773929450893857	0.000351786114042662	0.000358182225207074	0.000351786114042662	0.000179091112603537	0.000179091112603537	0.00102337778630593	0.000473312226166491	0.000479708337330903	0.000614026671783556	0.000326201669385014	0.000358182225207074	0.2749082	0.2240468	0.2274762	0.2735688
145	0.000709968339249736	0.000402955003357958	0.000319805558220602	0.000358182225207074	0.000172695001439125	0.000198279446096773	0.000908247785346509	0.000396558892193546	0.000460520003837667	0.000530877226646199	0.000307013335891778	0.00028142889123413	0.2748094	0.2237962	0.2291426	0.2722514
150	0.000761137228565032	0.000390162781029134	0.000370974447535898	0.00028142889123413	0.000204675557261185	0.000223863890754421	0.000959416674661806	0.000466916115002079	0.000473312226166491	0.000575650004797083	0.000255844446576481	0.000294221113562954	0.2753362	0.2235768	0.229776	0.2713106
155	0.00075474111740062	0.000422143336851194	0.000422143336851194	0.000396558892193546	0.000115130000959417	0.000147110556781477	0.000927436118839745	0.000479708337330903	0.000486104448495315	0.000556461671303847	0.000236656113083245	0.000211071668425597	0.273335	0.2253346	0.228463	0.2728672
160	0.000780325562058269	0.000351786114042662	0.000338993891713838	0.000236656113083245	0.000211071668425597	0.000172695001439125	0.000959416674661806	0.000370974447535898	0.000569253893632671	0.000498896670824139	0.00028142889123413	0.000332597780549426	0.2752452	0.2250562	0.228717	0.2709816
165	0.000761137228565032	0.000498896670824139	0.000351786114042662	0.000287825002398542	0.000185487223767949	0.000108733889795005	0.000882663340688861	0.000447727781508843	0.000460520003837667	0.000569253893632671	0.000268636668905306	0.000268636668905306	0.2733218	0.2246842	0.2278964	0.2740974
170	0.000805910006715917	0.000441331670344431	0.000383766669864722	0.000351786114042662	0.000179091112603537	8.95455563017685e-05	0.000889059451853273	0.000460520003837667	0.000415747225686782	0.000530877226646199	0.00031340944705619	0.000243052224247657	0.2754762	0.2245976	0.228932	0.2709942
175	0.000914643896510921	0.000415747225686782	0.000370974447535898	0.000383766669864722	0.000185487223767949	0.000134318334452653	0.000933832230004157	0.000402955003357958	0.000511688893152963	0.000530877226646199	0.00034539000287825	0.000268636668905306	0.2759666	0.2228148	0.228195	0.2730232
180	0.000761137228565032	0.000396558892193546	0.000390162781029134	0.000326201669385014	0.000185487223767949	0.000211071668425597	0.000850682784866801	0.000460520003837667	0.000454123892673255	0.000594838338290319	0.000332597780549426	0.000262240557740894	0.2746136	0.2245914	0.2286118	0.2721832
185	0.000773929450893857	0.000351786114042662	0.000390162781029134	0.00034539000287825	0.000134318334452653	0.000159902779110301	0.000857078896031213	0.000486104448495315	0.000422143336851194	0.00065879944993444	0.000275032780069718	0.000223863890754421	0.2745374	0.2249562	0.2283614	0.2721454
190	0.000799513895551505	0.00034539000287825	0.00034539000287825	0.000249448335412069	0.000115130000959417	0.000127922223288241	0.000895455563017685	0.00037737055870031	0.000473312226166491	0.000454123892673255	0.000319805558220602	0.00028142889123413	0.274282	0.22339	0.229309	0.2730188
195	0.000767533339729444	0.00040935111452237	0.000390162781029134	0.000319805558220602	0.000172695001439125	0.000134318334452653	0.000844286673702389	0.000511688893152963	0.000415747225686782	0.000607630560619144	0.000390162781029134	0.000262240557740894	0.2726216	0.2244698	0.2268622	0.2760462
200	0.000741948895071796	0.000460520003837667	0.000402955003357958	0.000332597780549426	0.000179091112603537	0.000153506667945889	0.000908247785346509	0.000415747225686782	0.000390162781029134	0.000697176116920912	0.000287825002398542	0.000268636668905306	0.2748642	0.2241548	0.2295676	0.2714138
205	0.000876267229524449	0.000422143336851194	0.000415747225686782	0.000294221113562954	0.000204675557261185	0.000223863890754421	0.00075474111740062	0.000447727781508843	0.000479708337330903	0.000505292781988551	0.000287825002398542	0.00031340944705619	0.2757106	0.2225224	0.2285318	0.2732352
210	0.000882663340688861	0.000390162781029134	0.000447727781508843	0.000383766669864722	0.000166298890274713	0.000108733889795005	0.000901851674182097	0.000441331670344431	0.000338993891713838	0.000543669448975023	0.000230260001918833	0.000198279446096773	0.274414	0.2244892	0.2279848	0.2731122
215	0.000818702229044741	0.000307013335891778	0.000434935559180019	0.000287825002398542	0.000172695001439125	0.000134318334452653	0.000825098340209153	0.00037737055870031	0.00034539000287825	0.000473312226166491	0.000230260001918833	0.000204675557261185	0.2736836	0.224822	0.228446	0.2730484
220	0.00075474111740062	0.000422143336851194	0.000447727781508843	0.000370974447535898	0.000191883334932361	0.000191883334932361	0.000844286673702389	0.000486104448495315	0.000447727781508843	0.000518085004317375	0.000338993891713838	0.000255844446576481	0.2732224	0.2228522	0.2299594	0.2739664
225	0.000665195561098852	0.00037737055870031	0.000390162781029134	0.000364578336371486	0.000198279446096773	0.000166298890274713	0.000837890562537977	0.000415747225686782	0.000447727781508843	0.000569253893632671	0.000249448335412069	0.000275032780069718	0.2740846	0.222025	0.2295296	0.2743606
230	0.000837890562537977	0.000358182225207074	0.000319805558220602	0.00034539000287825	0.000243052224247657	0.000127922223288241	0.000959416674661806	0.000447727781508843	0.000422143336851194	0.000492500559659727	0.00028142889123413	0.000249448335412069	0.2739278	0.223708	0.2261202	0.2762434
235	0.000895455563017685	0.000351786114042662	0.000358182225207074	0.00037737055870031	0.000223863890754421	0.000217467779590009	0.000831494451373565	0.000486104448495315	0.00040935111452237	0.000556461671303847	0.000390162781029134	0.000211071668425597	0.2764828	0.2233182	0.2274236	0.272775
240	0.000831494451373565	0.000492500559659727	0.000460520003837667	0.000447727781508843	0.000185487223767949	0.000166298890274713	0.000901851674182097	0.000479708337330903	0.000486104448495315	0.000652403338770028	0.000268636668905306	0.000307013335891778	0.274829	0.223776	0.2277594	0.2736358
245	0.000837890562537977	0.000434935559180019	0.000511688893152963	0.00040935111452237	0.000153506667945889	0.000147110556781477	0.000869871118360037	0.000390162781029134	0.000390162781029134	0.000524481115481787	0.000268636668905306	0.000287825002398542	0.2753054	0.2235014	0.2271322	0.2740608
250	0.000921040007675333	0.000473312226166491	0.000447727781508843	0.000307013335891778	0.000204675557261185	0.000230260001918833	0.000889059451853273	0.000518085004317375	0.000415747225686782	0.000479708337330903	0.000287825002398542	0.000262240557740894	0.2740276	0.2239354	0.2265658	0.275471
255	0.000901851674182097	0.000460520003837667	0.000486104448495315	0.00034539000287825	0.000191883334932361	0.000147110556781477	0.000978605008155042	0.000556461671303847	0.000441331670344431	0.000569253893632671	0.000300617224727366	0.000217467779590009	0.2758506	0.2211824	0.2277256	0.2752414
260	0.000978605008155042	0.000383766669864722	0.000466916115002079	0.000383766669864722	0.000166298890274713	0.000153506667945889	0.00101698167514151	0.000492500559659727	0.000441331670344431	0.000639611116441204	0.000319805558220602	0.000243052224247657	0.2762342	0.2231982	0.2278364	0.2727312
265	0.000799513895551505	0.000422143336851194	0.000434935559180019	0.000358182225207074	0.000217467779590009	0.000172695001439125	0.000965812785826218	0.000537273337810611	0.000492500559659727	0.000652403338770028	0.00028142889123413	0.00031340944705619	0.2748638	0.2215886	0.2265608	0.2769872
270	0.000831494451373565	0.00040935111452237	0.000492500559659727	0.00040935111452237	0.000236656113083245	0.000204675557261185	0.000997793341648278	0.000415747225686782	0.000492500559659727	0.000562857782468259	0.000255844446576481	0.000338993891713838	0.2758184	0.2235366	0.224467	0.2761776
275	0.00075474111740062	0.000454123892673255	0.000364578336371486	0.000441331670344431	0.000204675557261185	0.000147110556781477	0.000953020563497394	0.000620422782947968	0.000473312226166491	0.000505292781988551	0.000236656113083245	0.000332597780549426	0.274607	0.2253958	0.2230092	0.2769878
280	0.000965812785826218	0.000466916115002079	0.000441331670344431	0.00037737055870031	0.000191883334932361	0.000268636668905306	0.00112571556493652	0.000543669448975023	0.000543669448975023	0.000652403338770028	0.000294221113562954	0.00028142889123413	0.2741218	0.222227	0.2264556	0.2771952
285	0.000831494451373565	0.000479708337330903	0.000351786114042662	0.000307013335891778	0.000236656113083245	0.000153506667945889	0.00103617000863475	0.000537273337810611	0.000524481115481787	0.000415747225686782	0.000332597780549426	0.000275032780069718	0.2755434	0.2227562	0.2243218	0.2773784
290	0.000837890562537977	0.000511688893152963	0.000486104448495315	0.000364578336371486	0.000198279446096773	0.000166298890274713	0.00111292334260769	0.000441331670344431	0.000530877226646199	0.000607630560619144	0.000287825002398542	0.000300617224727366	0.2764346	0.2240788	0.2248484	0.274638
295	0.0010105855639771	0.000390162781029134	0.000441331670344431	0.000434935559180019	0.000147110556781477	0.000127922223288241	0.000844286673702389	0.000402955003357958	0.000492500559659727	0.000524481115481787	0.000294221113562954	0.000211071668425597	0.2759518	0.2231082	0.2250912	0.2758488
300	0.000889059451853273	0.000460520003837667	0.000364578336371486	0.000300617224727366	0.000211071668425597	0.000191883334932361	0.000946624452332982	0.000492500559659727	0.000498896670824139	0.000633215005276792	0.000275032780069718	0.000268636668905306	0.2763258	0.2247232	0.2252302	0.2737208
305	0.000837890562537977	0.000454123892673255	0.000434935559180019	0.000402955003357958	0.000185487223767949	0.000140714445617065	0.000997793341648278	0.000479708337330903	0.000422143336851194	0.000562857782468259	0.000185487223767949	0.000262240557740894	0.2761774	0.2222984	0.2263858	0.2751382
310	0.000991397230483866	0.000396558892193546	0.000434935559180019	0.000396558892193546	0.000147110556781477	0.000204675557261185	0.00102977389747034	0.000511688893152963	0.000530877226646199	0.000582046115961495	0.000294221113562954	0.00031340944705619	0.2787466	0.2215868	0.224359	0.2753074
315	0.000921040007675333	0.000415747225686782	0.000530877226646199	0.000275032780069718	0.000236656113083245	0.000211071668425597	0.000895455563017685	0.000575650004797083	0.000466916115002079	0.000530877226646199	0.000422143336851194	0.000351786114042662	0.2750536	0.2213724	0.2271026	0.2764718
320	0.000812306117880329	0.000434935559180019	0.000537273337810611	0.00034539000287825	0.000159902779110301	0.000134318334452653	0.00103617000863475	0.000415747225686782	0.000569253893632671	0.000709968339249736	0.000319805558220602	0.00028142889123413	0.2763236	0.2214692	0.225685	0.2765224
325	0.000741948895071796	0.000473312226166491	0.000383766669864722	0.000358182225207074	0.000121526112123829	0.000134318334452653	0.00101698167514151	0.000422143336851194	0.000428539448015607	0.000607630560619144	0.000249448335412069	0.000332597780549426	0.2746614	0.223792	0.2262432	0.2753032
330	0.000946624452332982	0.000466916115002079	0.000422143336851194	0.00028142889123413	0.000198279446096773	0.000147110556781477	0.00094022834116857	0.000530877226646199	0.000511688893152963	0.000588442227125907	0.000275032780069718	0.000287825002398542	0.2733446	0.2246664	0.2259624	0.2760268
335	0.000818702229044741	0.000415747225686782	0.00034539000287825	0.000332597780549426	0.000147110556781477	0.000147110556781477	0.000991397230483866	0.000370974447535898	0.000537273337810611	0.000556461671303847	0.000275032780069718	0.000287825002398542	0.2753736	0.2229966	0.225634	0.275996
340	0.000889059451853273	0.000473312226166491	0.000428539448015607	0.000338993891713838	0.000134318334452653	0.000185487223767949	0.000895455563017685	0.000390162781029134	0.000486104448495315	0.000524481115481787	0.000211071668425597	0.000236656113083245	0.2772052	0.222673	0.224945	0.2751774
345	0.000844286673702389	0.000537273337810611	0.000434935559180019	0.00034539000287825	0.000147110556781477	0.000166298890274713	0.000863475007195625	0.000505292781988551	0.000434935559180019	0.000594838338290319	0.000262240557740894	0.000275032780069718	0.2753914	0.2221218	0.224939	0.2775476
350	0.000857078896031213	0.000441331670344431	0.00037737055870031	0.000243052224247657	0.000191883334932361	0.000191883334932361	0.00105535834212799	0.000492500559659727	0.000543669448975023	0.000492500559659727	0.000294221113562954	0.000326201669385014	0.2784714	0.2193496	0.2257552	0.276424
355	0.000927436118839745	0.000434935559180019	0.000460520003837667	0.000428539448015607	0.000108733889795005	0.000153506667945889	0.00094022834116857	0.00028142889123413	0.000518085004317375	0.000524481115481787	0.000230260001918833	0.000287825002398542	0.2745936	0.2226752	0.224774	0.2779572
360	0.000831494451373565	0.000351786114042662	0.000396558892193546	0.000338993891713838	0.000121526112123829	0.000147110556781477	0.000818702229044741	0.000505292781988551	0.000505292781988551	0.000614026671783556	0.000287825002398542	0.000262240557740894	0.2773812	0.2209628	0.2244866	0.2771694
365	0.000876267229524449	0.000466916115002079	0.000383766669864722	0.000230260001918833	0.000147110556781477	0.000217467779590009	0.000780325562058269	0.000492500559659727	0.000460520003837667	0.000473312226166491	0.000332597780549426	0.00028142889123413	0.2740526	0.2224646	0.2278894	0.2755934
370	0.00075474111740062	0.000454123892673255	0.00037737055870031	0.000319805558220602	0.000262240557740894	0.000172695001439125	0.00102337778630593	0.000460520003837667	0.00040935111452237	0.000511688893152963	0.000351786114042662	0.000275032780069718	0.2747388	0.2220992	0.2241346	0.279027
375	0.000812306117880329	0.000422143336851194	0.000415747225686782	0.00037737055870031	0.000153506667945889	0.000140714445617065	0.000978605008155042	0.000447727781508843	0.000543669448975023	0.000652403338770028	0.000249448335412069	0.000275032780069718	0.2764452	0.2211538	0.2265396	0.2758612
380	0.000889059451853273	0.000370974447535898	0.000447727781508843	0.000319805558220602	0.000147110556781477	0.000191883334932361	0.000793117784387093	0.000479708337330903	0.000428539448015607	0.000498896670824139	0.000204675557261185	0.000236656113083245	0.2774538	0.2216152	0.2249668	0.2759642
385	0.000889059451853273	7.67533339729444e-05	0.000358182225207074	0.000332597780549426	0.000102337778630593	0.000159902779110301	0.000978605008155042	0.000370974447535898	0.000434935559180019	0.000486104448495315	0.000204675557261185	0.000249448335412069	0.2784266	0.2216984	0.224543	0.2753316
390	0.000677987783427676	0	0.000479708337330903	0.00034539000287825	0	0.000166298890274713	0.00100418945281269	0	0.000454123892673255	0.000466916115002079	0	0.000243052224247657	0.2774162	0.2228792	0.2239066	0.2757978
395	0	0	0.000422143336851194	6.39611116441204e-05	0	0.000127922223288241	0.000211071668425597	0	0.000460520003837667	0.000102337778630593	0	0.000217467779590009	0.2754948	0.2232498	0.2249644	0.2762912
400	0	0	0.000211071668425597	0	0	0.000159902779110301	0	0	0.000338993891713838	0	0	0.000147110556781477	0.278192	0.221213666666667	0.222455333333333	0.278138666666667
